 3497493 4735754 2853309 4595146 2215916 2293758 1400080 1630735 |  | 1784721694
 1333484 3559151 4316186 4630580 3897406 5200000 1366643 2283569 |  | 1784721696
 1690851 2426339 4860608 1400000 3483768 5200000 4783282 3983291 |  | 1784721698
 4940750 1573072 3935419 2692999 1336024 5203788 2427441 4972592 |  | 1784721700
 4986065 1400000 2303120 3956847 1867117 5095450 2705890 4083559 |  | 1784721702
 5141285 5054534 1393793 5031738 2230223 5129302 1776357 5008135 |  | 1784721704
 4317827 1599567 3855741 4658147 4179012 4876106 4600000 4752528 |  | 1784721706
 5123092 1603001 4080202 2953712 4588599 5188122 1233333 1700266 |  | 1784721708
 2982071 1441840 800000 2406115 1611423 5119004 1697826 1773194 |  | 1784721710
 2087875 4797649 1333332 1694148 1630326 4847756 5069311 3144291 |  | 1784721712
 2119062 4932134 4796184 1523364 2054267 4415237 4696797 1989529 |  | 1784721715
 4979927 3751619 5113116 2517728 1494334 5195866 2225610 3403775 |  | 1784721717
 1599796 4967325 4631578 2994538 1882283 4963112 4796415 1874227 |  | 1784721719
 4814148 5200000 1697138 1587139 3771204 5105552 3524715 1700000 |  | 1784721721
 4833722 1757181 3290843 3527052 4338122 5142785 2048758 2033141 |  | 1784721723
 2841699 1565582 4303260 4635677 1700000 4813527 3124818 4768289 |  | 1784721725
 5197474 5196643 1999878 5051961 5200000 5200000 1453042 2204483 |  | 1784721727
 2054195 4084013 3534774 1333658 2614700 5196653 2485043 5109839 |  | 1784721729
 1700000 5076397 5040597 4914248 4815805 4737347 3732821 1702936 |  | 1784721731
 5183387 4952061 2131940 3803395 3593760 5060425 2536484 5150590 |  | 1784721733
 1685952 1680087 1301554 4620764 4699721 4704418 1800000 1804881 |  | 1784721735
 2890913 1501031 4934491 4882341 2294023 5085217 3138285 1466682 |  | 1784721737
 1700886 1995806 2395798 1700509 2134506 5074480 1663664 3523575 |  | 1784721739
 4319623 3372911 3208398 4747906 4406954 2384566 4700000 4740016 |  | 1784721741
 4654439 1333373 4810051 1600000 3834155 5191763 2574657 800000 |  | 1784721743
 5044678 4799647 2256299 1314042 3758196 4873116 2076813 5081934 |  | 1784721745
 5033005 3919078 2728103 1361283 1416690 2487325 5176338 5187117 |  | 1784721747
 2395795 1700487 1799100 5135838 2528691 4949296 4817858 4603709 |  | 1784721749
 5138436 2592619 4991025 4795789 1372608 4861010 3080766 1580180 |  | 1784721751
 2212279 2112972 1395426 2966139 1570602 4527649 1700268 1787959 |  | 1784721753
 5175053 2643857 1700000 5033766 1333427 4986505 2263200 4793457 |  | 1784721755
 4308351 1540399 1746903 4992362 4845886 5157388 800000 2919862 |  | 1784721757
 2160454 1629553 1390320 3961313 4007387 5086542 1361484 5199510 |  | 1784721759
 5200000 1700000 4665875 1754779 2398051 5200000 2266163 1757618 |  | 1784721761
 2816260 2492697 1383408 1602794 4164299 4704594 4558069 5072276 |  | 1784721763
 5101143 5062059 4676759 1731472 4256737 4977830 1657851 4919634 |  | 1784721765
 4871887 1700000 1701410 2237453 3094952 3347184 4397465 5184013 |  | 1784721767
 2421900 1697492 1384324 3565720 3383228 5118748 1316700 4927560 |  | 1784721769
 5113253 4892081 2000000 4818043 1700000 5153525 5170724 4083289 |  | 1784721771
 2787125 3451660 5164487 4510554 5029314 5198005 2363560 4405306 |  | 1784721773
 5172707 1799284 2636166 2109267 4454417 5153759 1972003 5081055 |  | 1784721775
 3605724 1470601 1805793 4847523 5011739 5200000 1482674 3718696 |  | 1784721777
 5192532 3395406 4669769 1352047 1549094 1567634 2703398 4895807 |  | 1784721779
 1507474 4564999 1400068 1699575 800000 5195164 4808410 4007666 |  | 1784721781
 3160403 1644357 3019895 5088500 4602732 2036716 3504125 5196850 |  | 1784721783
 1876122 1883191 1483333 5205754 1686180 3210827 2438253 5330485 |  | 1784721785
 3308433 2090392 2686816 3969315 800000 2736337 1550302 5196154 |  | 1784721787
 4845801 1817764 1483432 4733585 5200000 5141099 1471563 4467535 |  | 1784721789
 3173837 1483487 1767596 1800000 800000 2315278 800000 5307185 |  | 1784721791
 4421378 2573941 4386713 5182382 3342581 4861043 5051179 5195393 |  | 1784721793
 1658363 4558875 3764027 2164207 5159630 5144822 3207311 800000 |  | 1784721795
 5107488 3203650 5050858 4460345 1534411 3040346 2230792 4948920 |  | 1784721797
 1759924 4380727 4732341 4911289 3406079 5125455 4692126 4316438 |  | 1784721799
 4679476 4565360 4464492 4597379 4662087 4700000 4688787 4676555 |  | 1784721801
 4950520 4698130 4787223 4737400 4700000 4468372 4692457 4985259 |  | 1784721803
 4877914 4381181 3110684 4841810 1748344 4899141 4848120 4718135 |  | 1784721805
 5045162 1822785 4778018 4717635 4335036 5000000 4968196 4700000 |  | 1784721807
 4776441 4871856 4579561 5086379 4981437 4673174 4951380 5025013 |  | 1784721809
 4848441 4679808 5081267 4740685 4468697 4549515 4768652 4484842 |  | 1784721811
 4323501 4365400 4958152 4996233 4778453 4818115 4702077 4731184 |  | 1784721814
 5193787 4974003 5034883 5023010 5163030 5072000 5185406 5132096 |  | 1784721816
 5180948 4925256 3687288 4995918 2000556 1466670 4751952 1466997 |  | 1784721818
 5174803 4977494 4759692 4850656 3559319 1400881 3194482 5198984 |  | 1784721820
 5153143 4610434 5055653 5166746 1698049 5166536 2560445 4559090 |  | 1784721822
 5163143 3108307 4664500 4720812 2128931 5092835 3939690 3811526 |  | 1784721824
 1872509 5083418 5181761 1846709 4700698 2645127 2183906 4600000 |  | 1784721826
 4773955 5058385 4998778 3711052 5030600 2139876 2405950 2448927 |  | 1784721828
 5084392 4999750 1900000 2680737 2693504 4533727 1893677 3405784 |  | 1784721830
 5195165 2463435 4599216 5194062 3495845 3681124 2807372 4568945 |  | 1784721832
 5191855 1902810 4467753 1808087 4519726 4238459 1588122 4674383 |  | 1784721834
 4701860 5081330 5198615 1900000 1893719 1483754 2286371 5062667 |  | 1784721836
 5200000 5200000 4100103 4687099 4534543 4782629 4215646 4918589 |  | 1784721838
 5203063 4551245 3906803 4296704 5166308 5199698 1880647 3728636 |  | 1784721840
 5167601 1900000 3660912 5193422 4975938 4784895 4735511 3572265 |  | 1784721842
 5088922 1900000 2335916 5000489 5118908 4658156 1861722 3231238 |  | 1784721844
 4251067 4862110 2962592 3186358 4697253 4715270 5073557 5082786 |  | 1784721846
 4702915 3792889 3901832 4723618 4585735 4382739 4377655 1507617 |  | 1784721848
 5090659 4657899 4292647 3041395 1629176 3618774 4866887 5197864 |  | 1784721850
 5006613 4363643 5212864 4247205 1579944 4049734 2087042 4535986 |  | 1784721852
 2946032 2325880 2681117 4801188 4992698 1734083 4785935 2433436 |  | 1784721854
 1701315 1968459 4575991 5159055 2136470 2822506 4420907 3962413 |  | 1784721856
 5045302 3681324 1895562 3824198 5159833 3673624 3187701 4826088 |  | 1784721858
 4939229 4722214 4404785 4284538 1500000 4972504 3607567 4893625 |  | 1784721860
 5106315 4843245 4310767 4693965 3016810 4710790 3183509 4711433 |  | 1784721862
 4857003 3747831 2711504 5193572 4982906 4408071 1864962 2486088 |  | 1784721864
 4865142 4315643 4850978 1737274 1648838 2690528 5144316 5107308 |  | 1784721866
 5136682 4655504 4194381 4106843 1661916 5158755 3653786 2818354 |  | 1784721868
 5005964 5162248 3648787 4778113 1966744 4862720 2744352 4625992 |  | 1784721870
 5180314 5184649 3944378 5158875 3059572 3713818 1725531 3721912 |  | 1784721872
 4859288 5180082 5030136 1900000 2460842 1901126 5176726 4712917 |  | 1784721874
 1700239 4925805 4997056 2366366 4956934 5154366 1689304 2698729 |  | 1784721876
 4234480 1697321 4772227 1944927 4632316 4700000 3457040 5013305 |  | 1784721878
 3651812 4852506 4367567 4714750 4957112 4788853 4998540 5200000 |  | 1784721880
 1844691 2420532 4635519 4882152 2843638 1900000 5043933 4954587 |  | 1784721882
 4699892 4912519 3319841 4586417 5118918 4120415 4736599 1647347 |  | 1784721884
 4699602 4459505 4923253 5152976 4402225 2596477 3487631 4902618 |  | 1784721886
 4322265 4701543 4940163 5020523 1684866 4972514 4957268 4577260 |  | 1784721888
 5139241 4352169 5169204 1588877 4677430 4646944 4685129 5200000 |  | 1784721890
 4836259 2907260 4290701 1923901 3546391 3372497 2650645 3914877 |  | 1784721892
 1588357 5187111 2078305 800000 4697777 2007191 4702747 4700000 |  | 1784721894
 4989783 2500145 4366043 1674719 4654039 3022568 5159764 4837910 |  | 1784721896
 5123414 4025558 4556093 1760335 1716240 4699914 4517009 4697223 |  | 1784721898
 4908455 2974691 2492592 5010265 5071126 5069251 4843540 2721196 |  | 1784721900
 5100974 4148723 5011043 4568964 1659741 5013660 4658605 4208666 |  | 1784721902
 5040744 4089898 4532155 3379806 1871282 5184000 5118954 3612445 |  | 1784721904
 5181741 2349778 4138196 4770744 2768617 4493120 2514870 1400000 |  | 1784721906
 4695238 4700000 4800701 2524744 2919911 4273276 4605802 4988461 |  | 1784721908
 5105681 2946185 4761013 3831703 4500999 4700000 4790298 5019862 |  | 1784721910
 3629719 5197837 1900000 1900000 3534793 5202372 1847567 4665841 |  | 1784721912
 5185120 2025046 4857983 1711234 4682434 4591603 1567564 2010681 |  | 1784721914
 4673207 3290698 4196880 2296414 1802955 4978641 2801202 4917190 |  | 1784721917
 5079072 4599668 4241886 4688626 2206503 3410852 2150956 2028397 |  | 1784721919
 5110770 5041625 2399879 2270417 1829848 1766681 1900642 3747971 |  | 1784721921
 4877214 2088525 5054179 4964135 3394789 1900000 5101053 5194501 |  | 1784721923
 4729839 4710837 4273021 1901116 4678781 5194024 4922905 4120446 |  | 1784721925
 4637631 4628778 2262127 1507924 4654304 4855417 1801680 2010369 |  | 1784721927
 5159201 1698191 4934331 4700000 4353624 4547921 4781156 5071641 |  | 1784721929
 4696545 4647119 1583362 1499769 5082304 2665647 5196687 2244889 |  | 1784721931
 4409632 2030855 2788863 5200000 2844255 5129483 800000 5200000 |  | 1784721933
 4570275 3753015 4646878 4603431 4707556 3057400 3573727 5139743 |  | 1784721935
 1848515 3326966 3150971 4937078 1658140 5157518 4872300 2290024 |  | 1784721937
 5166976 4149933 1500159 4641531 3504848 5194611 4940333 4256143 |  | 1784721939
 5102395 4171540 3128010 2307058 4941450 4908003 4823627 1550000 |  | 1784721941
 3762742 4465187 4750128 5164685 3557007 3353442 5130509 1900000 |  | 1784721943
 5095720 4766225 4701229 4700422 4865541 1715647 3150368 3625601 |  | 1784721945
 4767137 1569696 1458244 1705323 4600000 4696819 4884085 1841840 |  | 1784721947
 2315031 3563785 4722517 1416763 4803032 5191535 5145558 2694968 |  | 1784721949
 5010343 2239210 4831244 1849908 1874389 3572156 2967736 5199947 |  | 1784721951
 5082506 4645542 1851769 4920129 4559564 4878014 4742554 4697243 |  | 1784721953
 5124760 4448550 4923095 4779101 4665608 3692547 3660389 5263414 |  | 1784721955
 4815413 5153693 3163531 4794490 3399197 3181165 4943328 1822589 |  | 1784721957
 4604806 4736994 4827290 4700618 4699763 4234388 4124548 5115584 |  | 1784721959
 5058188 1950815 4952631 5082044 5157412 4008723 2728643 4616445 |  | 1784721961
 4684746 3124498 4613849 4756968 3033709 2351133 1586885 4921911 |  | 1784721963
 5260455 4890545 4028944 5017303 4866569 4818236 5173115 1550038 |  | 1784721965
 4702136 4736031 3835121 1800000 2898073 4921017 5074814 2461541 |  | 1784721967
 4412556 2785891 4786508 4700000 4953529 4734750 5169153 2160606 |  | 1784721969
 5003075 4281631 5101066 1798401 1849726 4491020 5016432 4992151 |  | 1784721971
 3643935 3434712 5200000 4106829 3910245 5115449 4680425 5038359 |  | 1784721973
 4417479 4118702 3472186 3033929 3854870 4879198 2949885 5008301 |  | 1784721975
 5195419 4656952 2193935 4657515 4331402 4230363 4554419 5170289 |  | 1784721977
 5183863 5073147 4913075 2306094 1756219 1929145 1725192 1603750 |  | 1784721979
 2132715 1733122 2196552 5181443 2235586 1782491 5179846 4825170 |  | 1784721981
 4948842 4983566 1800000 4515741 1933438 4682991 5006120 4818563 |  | 1784721983
 4857313 4844507 5163362 5196560 5180130 1549322 800000 2448433 |  | 1784721985
 5240326 5191612 1740059 3218112 4727127 2812705 2694638 5200000 |  | 1784721987
 1806760 5096225 1896957 4293223 3815492 1966666 4764390 2556142 |  | 1784721989
 3045449 1500154 4600543 4693785 4790307 800000 1904878 5026468 |  | 1784721991
 1664450 4775129 5178168 5090054 4480142 4758022 5183463 800000 |  | 1784721993
 2907106 2099282 800000 2234466 800000 5318056 4401881 5241340 |  | 1784721995
 4301020 3977939 4498485 2756876 1928487 5078782 3053764 5062941 |  | 1784721997
 1658518 5116525 5194632 4172725 4802463 3091065 2000000 800000 |  | 1784721999
 5192529 5029197 4994229 1566982 4845060 3683959 4074512 4672415 |  | 1784722001
 5200000 5162621 1726628 1547208 2932483 2776016 1902996 5149056 |  | 1784722003
 2048425 5156841 1901697 2488681 2575200 5379181 800000 800000 |  | 1784722005
 5071394 3263430 5175937 5093647 2109934 1566904 4417948 2554832 |  | 1784722007
 5300000 1579569 1901584 4734305 1620059 5200000 1474146 2716813 |  | 1784722009
 3458032 3511666 1485080 1363288 4996820 3807960 1801559 2594037 |  | 1784722011
 4963645 4975202 1569040 1700000 4533523 3359180 4761858 1629368 |  | 1784722013
 4827015 5184175 4983680 5162767 2082148 2931757 3596760 4979399 |  | 1784722015
 5110437 4832905 5200000 2496854 4870295 1978959 800000 5160456 |  | 1784722017
 2490375 800000 5293997 4881467 5200000 800000 2318018 1899276 |  | 1784722020
 2750110 5127367 3970208 1567628 2620921 5183331 1639985 4720709 |  | 1784722022
 1800209 2442804 3056200 4757391 2333022 5136942 1484311 5199543 |  | 1784722024
 3486066 1899036 5010612 5185589 1651918 4162826 2013089 4399116 |  | 1784722026
 1898511 3457591 1622962 1563961 5093515 4958415 3014117 1823983 |  | 1784722028
 5214899 4561083 3405981 1566308 3134301 5034769 2744540 5089743 |  | 1784722030
 5164112 1566817 4328761 1905013 1701746 3990327 800000 2019433 |  | 1784722032
 2586352 5074723 4106019 4766901 2161495 3659243 3664839 5109939 |  | 1784722034
 4927433 4794265 3655000 1900000 3734540 2578355 5172972 3529525 |  | 1784722036
 1902887 1900000 1965515 5166333 5114031 2124006 3236308 4892554 |  | 1784722038
 5185896 4479667 5103470 3309240 4770029 2635169 5084754 5198713 |  | 1784722040
 5206679 1900000 3241978 1501023 1729817 5159783 1942251 4752573 |  | 1784722042
 1574876 2319549 4943376 800000 3241887 4361724 1904059 1927906 |  | 1784722044
 4880149 1897914 3624487 4689289 5194434 4967446 4700047 4563366 |  | 1784722046
 1555997 4819624 1903820 5165366 5158065 800000 5199858 1676932 |  | 1784722048
 1681790 2507976 2466222 2900082 3696649 2400488 4986111 1571908 |  | 1784722050
 2459930 5130092 1900000 5200000 3215008 3731172 2477884 3093596 |  | 1784722052
 3291337 5055639 5076014 4486766 2165307 2430619 2143843 800000 |  | 1784722054
 1950952 2605612 5276579 3196363 800000 2199465 1551000 1976861 |  | 1784722056
 2808123 5195905 2542166 5191032 4357650 5246297 800000 800000 |  | 1784722058
 5200000 5199758 3536698 5008044 4823529 2307737 4995716 2737595 |  | 1784722060
 1550164 5195264 1900000 1687861 5218827 4155390 800000 1822660 |  | 1784722062
 1878120 1700000 5136469 1723758 4257279 2933687 1750006 5025370 |  | 1784722064
 1966225 2414831 2493726 5277220 2482628 4856116 5049559 2805009 |  | 1784722066
 5198633 3967966 1442500 5065515 1836862 5096488 2177975 2553755 |  | 1784722068
 2820756 5033499 2251628 4420575 1566615 1550255 1546920 5226303 |  | 1784722070
 1956017 5198421 1863710 1939338 1706133 1383020 3039029 4844848 |  | 1784722072
 2038151 1567878 3933606 4239360 2000000 5134118 4476264 1811038 |  | 1784722074
 4632150 2936847 5159419 1900000 5061626 4884264 2871566 1970834 |  | 1784722076
 2136389 5090557 5246734 1900000 2557864 1499792 1943847 4053424 |  | 1784722078
 2384276 4466738 5200000 5144907 5114598 800000 800000 800000 |  | 1784722080
 2644014 5027539 2681183 3051684 2962236 1567674 4047189 3350672 |  | 1784722082
 1552858 4948746 2264112 1666575 1806030 2335256 1549865 4815224 |  | 1784722084
 3019836 4850067 1558596 1900000 1465372 2123759 2583039 4754903 |  | 1784722086
 5264813 2083311 4765261 1869929 2173767 1634398 3701492 2711258 |  | 1784722088
 2413108 5141288 2003584 1965030 2607305 1993830 2398360 2074388 |  | 1784722090
 3214947 800000 1799727 5092558 2200499 5062959 3078413 3046117 |  | 1784722092
 1835253 2483969 1901610 1609651 1692289 1697846 5121747 5163046 |  | 1784722094
 4872351 3194777 1729396 1673043 800000 2237805 4677719 5140792 |  | 1784722096
 2898071 4726866 4732230 2660598 4706558 1898531 3417488 1986036 |  | 1784722098
 4821828 1600000 5260713 3762468 5178169 2727039 2592007 1956029 |  | 1784722100
 5136240 1800000 4017056 1883135 2400251 3077760 2097707 4755959 |  | 1784722102
 4937000 3039162 4928690 5141463 2237106 2123701 1998158 1692218 |  | 1784722104
 4197012 4648645 4815696 5197657 3526261 5028529 800000 5016598 |  | 1784722106
 5088459 5065589 4961485 4749708 4926582 3196648 4993278 2904225 |  | 1784722108
 4876469 4708117 1797833 2898979 1486758 1983490 4050858 1874688 |  | 1784722110
 5069576 5147791 800000 2613640 3723361 1842042 5200000 2407472 |  | 1784722112
 1645006 3476553 1416631 5268307 2051450 4277428 1644144 1549992 |  | 1784722114
 1850000 2370414 5200000 3446808 2273796 5178371 4761509 3445406 |  | 1784722116
 1900000 5053103 3695053 4501853 2118642 3292585 2037016 4794706 |  | 1784722118
 2233786 1900000 2252119 5210717 1797926 5188629 5183324 5061600 |  | 1784722120
 5077210 4574585 3190585 2077577 3212233 2360853 1975850 3936699 |  | 1784722122
 4937965 1865218 3419437 1821803 4608104 4601137 3344494 1629589 |  | 1784722124
 5040850 5200000 2396836 800000 1902609 1814209 5099503 3226071 |  | 1784722127
 4955445 4687284 1551250 1566516 3206705 3487435 5088060 4799550 |  | 1784722129
 1500000 1500000 5034604 3724312 1900000 4700000 5020089 2930483 |  | 1784722131
 1646407 4947404 1953206 4926429 3153332 4979628 2574533 800000 |  | 1784722133
 5187659 4282891 5076826 3976388 3116730 3267036 800000 2140255 |  | 1784722135
 5200631 5171047 2626762 1897463 1900000 4973930 1893719 5198956 |  | 1784722137
 1900000 2658773 4831708 1599193 4875246 5209189 2000000 1642741 |  | 1784722139
 2107118 5170895 5094470 4792349 2568905 1900000 4350288 3311624 |  | 1784722141
 1550042 4031556 1627502 4723719 1555000 3614664 5193751 1933969 |  | 1784722143
 4687776 2443776 4894683 3312487 4652850 4793565 4932129 5109158 |  | 1784722145
 5055077 4932491 2574804 2098914 3790189 2269183 1900550 5190273 |  | 1784722147
 1641720 4741654 4822789 4520405 4990541 5199851 4167027 3489028 |  | 1784722149
 4731467 5135433 4056222 2900005 5127434 3431691 1972578 1603293 |  | 1784722151
 2362767 5204981 4393521 1768430 4682246 1990534 2108082 5003827 |  | 1784722153
 2088932 5200000 3203214 4322847 5199947 3581135 5200176 1549277 |  | 1784722155
 4772480 4700000 4699367 4700000 4814645 4721807 4712532 4700381 |  | 1784722157
 4509027 4277739 1899028 4717337 4707673 4784079 3695246 2713178 |  | 1784722159
 4703929 2627720 3403487 5030386 4715224 4903612 5089779 4428005 |  | 1784722161
 4861928 5065946 5189484 4610421 4435845 3296263 5049372 1718514 |  | 1784722163
 5179147 4641159 4201329 4622337 3969547 5062985 4968742 4389686 |  | 1784722165
 4709723 4825206 4767624 4701305 4575122 4609374 4365967 4968675 |  | 1784722167
 5008547 4700084 4700000 4867578 4699305 4757416 4700000 4711573 |  | 1784722169
 5176899 4700000 4678542 4990023 4866561 4696360 4011765 3266362 |  | 1784722171
 4775666 5187497 3711496 3399991 4322342 4487265 4190528 3239576 |  | 1784722173
 4988414 3253966 4622233 4398689 4397310 4004856 4696161 4658142 |  | 1784722175
 4987492 5166163 4401299 3276688 2581371 3724593 3328761 2514116 |  | 1784722177
 5062595 2459087 4317698 4703218 4582353 4687096 4694963 4632198 |  | 1784722179
 4644520 4726289 4909790 4972729 2856609 3043521 4723414 3703698 |  | 1784722181
